id1,id2,distance
1,2,46.9148164229596
1,3,14.212670403551895
1,4,54.286278192559855
1,5,46.861498055439924
1,6,37.881393849751625
1,7,34.14674215792775
1,8,76.94803441284255
1,9,46.32493928760188
1,10,36.66060555964672
1,11,45.617978911828175
1,12,42.941821107167776
1,13,45.967379738244816
1,14,47.265209192385896
1,15,69.06518659932803
1,16,22.561028345356956
1,17,67.7421582177598
1,18,67.07458535093602
1,19,46.74398357008097
1,20,36.565010597564445
1,21,62.82515419798029
1,22,34.23448553724738
1,23,39.05124837953327
1,24,33.71943060017473
1,25,20.71231517720798
1,26,35.90264614203248
1,27,51.980765673468106
1,28,27.03701166919155
1,29,51.81698563212646
1,30,21.6794833886788
1,31,49.07137658554119
1,32,42.05948168962618
1,33,32.341923257592455
1,34,30.643106892089126
1,35,43.9203825119955
1,36,45.639894828976104
1,37,41.44876355212541
1,38,65.90902821313632
1,39,65.29931086925804
1,40,26.645825188948457
1,41,58.9406481131655
1,42,57.784080852774665
1,43,31.52776554086889
1,44,42.20189569201838
1,45,25.019992006393608
1,46,34.48187929913333
1,47,61.66036003787198
1,48,67.3721010508059
1,49,83.86894538504703
1,50,61.14736298484179
1,51,44.41846462902562
1,52,41.88078318274385
1,53,59.42221806698232
1,54,18.681541692269406
1,55,65.66582063752801
1,56,42.17819341792628
1,57,30.01666203960727
1,58,61.56297588648554
1,59,54.89080068645383
1,60,48.13522618623496
1,61,43.68065933568311
1,62,31.064449134018133
1,63,66.34003316248794
1,64,32.63433774416144
1,65,38.704004960727254
1,66,72.39475119095306
1,67,35.34119409414458
1,68,58.42944463196617
1,69,54.0
1,70,43.69210454990696
1,71,60.174745533321534
1,72,62.44197306299666
1,73,25.019992006393608
1,74,30.789608636681304
1,75,48.641546028061235
1,76,36.68787265568828
1,77,30.675723300355934
1,78,14.866068747318506
1,79,70.8590149522275
1,80,38.17066936798463
1,81,28.861739379323623
1,82,58.60034129593445
1,83,67.09694478886502
1,84,68.4178339323893
1,85,53.33854141237835
1,86,28.653097563788805
1,87,66.05300901548695
1,88,48.05205510693585
1,89,74.31016081263719
1,90,35.73513677041127
1,91,50.049975024968795
1,92,36.069377593742864
1,93,69.35416353759881
1,94,36.27671429443411
1,95,57.323642591866054
1,96,27.073972741361768
1,97,27.27636339397171
1,98,36.359317925395686
1,99,76.8570100901668
1,100,67.88225099390856
2,1,46.9148164229596
2,3,46.184412955021955
2,4,39.42080668885405
2,5,34.0147027033899
2,6,22.22611077089287
2,7,76.16429609731846
2,8,44.98888751680797
2,9,37.16180835212409
2,10,81.73738434767778
2,11,54.8270006474912
2,12,42.485291572496
2,13,67.1863081289633
2,14,64.27285585688566
2,15,46.70117771534247
2,16,26.038433132583073
2,17,75.35250493513803
2,18,65.83312236253116
2,19,21.6794833886788
2,20,17.4928556845359
2,21,24.779023386727733
2,22,61.09828148156051
2,23,25.69046515733026
2,24,79.23383115816122
2,25,38.44476557348217
2,26,64.62197768561404
2,27,57.62811813689564
2,28,39.87480407475377
2,29,65.1766829472013
2,30,26.40075756488817
2,31,41.38840417314975
2,32,38.67815921162743
2,33,77.44029958619737
2,34,48.228622207149975
2,35,29.966648127543394
2,36,72.56721022610694
2,37,77.87810988975015
2,38,39.45883931389772
2,39,53.33854141237835
2,40,21.42428528562855
2,41,27.367864366808018
2,42,54.46099521676041
2,43,40.06245124802026
2,44,57.94825277780168
2,45,34.36568055487916
2,46,12.806248474865697
2,47,74.70609078247904
2,48,52.01922721455981
2,49,56.859475903318
2,50,16.911534525287763
2,51,8.48528137423857
2,52,82.58934555982388
2,53,51.12729212465687
2,54,53.79591062525106
2,55,69.80687645210892
2,56,70.66823897621902
2,57,21.633307652783937
2,58,31.160872901765767
2,59,29.46183972531247
2,60,77.69169839822013
2,61,44.955533585978046
2,62,76.26270385975047
2,63,25.573423705088842
2,64,36.359317925395686
2,65,23.515952032609693
2,66,43.3589667773576
2,67,12.0
2,68,66.71581521648372
2,69,14.866068747318506
2,70,49.416596402423345
2,71,49.37610758251404
2,72,20.049937655763422
2,73,53.9351462406472
2,74,48.176757881783615
2,75,38.27531841800928
2,76,40.311288741492746
2,77,49.49747468305833
2,78,35.749125863438955
2,79,50.25932749251625
2,80,29.698484809834994
2,81,42.02380277890139
2,82,62.13694553162394
2,83,33.0
2,84,49.8998997994986
2,85,46.561786907291264
2,86,61.335144900782616
2,87,67.63135367564367
2,88,7.0710678118654755
2,89,41.86884283091664
2,90,11.224972160321824
2,91,31.906112267087632
2,92,20.97617696340303
2,93,36.4828726939094
2,94,44.553338819890925
2,95,62.13694553162394
2,96,63.85922016435841
2,97,44.955533585978046
2,98,35.73513677041127
2,99,56.65686189686118
2,100,44.46346815083142
3,1,14.212670403551895
3,2,46.184412955021955
3,4,44.598206241955516
3,5,39.319206502675
3,6,30.870698080866262
3,7,41.97618372363071
3,8,68.1248853210044
3,9,36.359317925395686
3,10,36.578682316343766
3,11,33.66006535941367
3,12,36.359317925395686
3,13,32.66496594212215
3,14,33.734255586866
3,15,62.25752966509352
3,16,21.236760581595302
3,17,54.13871073455665
3,18,60.70420084310476
3,19,41.773197148410844
3,20,39.96248240537617
3,21,63.0
3,22,40.620192023179804
3,23,42.95346318982906
3,24,35.90264614203248
3,25,13.379088160259652
3,26,48.95916665957459
3,27,54.27706698044764
3,28,23.259406699226016
3,29,42.1070065428546
3,30,26.267851073127396
3,31,48.641546028061235
3,32,33.0
3,33,32.18695387886216
3,34,16.881943016134134
3,35,51.31276644267
3,36,34.713109915419565
3,37,33.1058907144937
3,38,66.01514977639603
3,39,57.358521598799946
3,40,29.966648127543394
3,41,57.21887800367987
3,42,48.13522618623496
3,43,42.190046219457976
3,44,46.82947789587238
3,45,26.30589287593181
3,46,35.566838487557476
3,47,48.33218389437829
3,48,59.64059020499378
3,49,73.1983606373804
3,50,57.48912940721924
3,51,44.77722635447622
3,52,36.66060555964672
3,53,53.150729063673246
3,54,9.1104335791443
3,55,55.98214000911362
3,56,32.01562118716424
3,57,26.324893162176366
3,58,55.98214000911362
3,59,46.14108798023731
3,60,36.837480912787726
3,61,31.78049716414141
3,62,31.192947920964443
3,63,64.50581369148055
3,64,30.479501308256342
3,65,36.11094017053558
3,66,63.631753079732135
3,67,35.17101079013795
3,68,57.810033731178535
3,69,56.55086206239477
3,70,30.01666203960727
3,71,57.436921923097515
3,72,58.31809324729333
3,73,22.135943621178654
3,74,35.6931365951495
3,75,37.62977544445356
3,76,46.71188285650665
3,77,34.713109915419565
3,78,12.12435565298214
3,79,69.80687645210892
3,80,29.949958263743873
3,81,30.24896692450835
3,82,53.23532661682466
3,83,65.43699259593154
3,84,58.94913061275798
3,85,41.48493702538308
3,86,22.693611435820433
3,87,53.03772242470448
3,88,46.74398357008097
3,89,67.70524351924303
3,90,35.369478367654786
3,91,45.617978911828175
3,92,30.675723300355934
3,93,62.56196927846821
3,94,28.74021572639983
3,95,54.662601474865795
3,96,29.478805945967352
3,97,20.639767440550294
3,98,42.44997055358225
3,99,65.12296062065974
3,100,63.324560795950255
4,1,54.286278192559855
4,2,39.42080668885405
4,3,44.598206241955516
4,5,41.2189276910499
4,6,26.076809620810597
4,7,77.07788269017254
4,8,28.460498941515414
4,9,34.36568055487916
4,10,75.59761901012492
4,11,46.238512086787566
4,12,51.01960407529639
4,13,49.49747468305833
4,14,37.960505792204614
4,15,22.64950330581225
4,16,40.22437072223753
4,17,40.47221268969612
4,18,37.68288736283355
4,19,39.06404996924922
4,20,50.65570056765576
4,21,44.63182720884279
4,22,61.7980582219215
4,23,45.09988913511872
4,24,74.7127833774114
4,25,43.15089802078283
4,26,79.25906888173743
4,27,53.749418601506754
4,28,50.714889332423866
4,29,35.41186241925155
4,30,45.661800227323496
4,31,65.07687761409578
4,32,40.620192023179804
4,33,72.91776189653656
4,34,38.1051177665153
4,35,65.7419196555744
4,36,49.31531202375181
4,37,65.18435395092905
4,38,45.552167895721496
4,39,58.47221562417487
4,40,43.829214001622255
4,41,34.307433596816885
4,42,19.078784028338912
4,43,62.55397669213365
4,44,57.60208329565867
4,45,52.92447448959697
4,46,40.718546143004666
4,47,42.20189569201838
4,48,21.540659228538015
4,49,37.907782842049734
4,50,36.932370625238775
4,51,45.14421336118285
4,52,70.46275611981126
4,53,25.37715508089904
4,54,50.813384063650005
4,55,34.79942528261063
4,56,49.193495504995376
4,57,29.698484809834994
4,58,21.18962010041709
4,59,19.6468827043885
4,60,60.28266749240614
4,61,36.15245496505044
4,62,72.64984514780468
4,63,39.87480407475377
4,64,31.78049716414141
4,65,45.221676218380054
4,66,21.400934559032695
4,67,39.6232255123179
4,68,53.1883445878888
4,69,53.693575034635195
4,70,26.343879744638983
4,71,36.193922141707716
4,72,32.802438933713454
4,73,44.77722635447622
4,74,50.78385570237849
4,75,27.874719729532707
4,76,71.16881339463234
4,77,49.85980344927164
4,78,43.474130238568314
4,79,46.195237849804386
4,80,16.792855623746664
4,81,59.84981202978001
4,82,71.28113354878694
4,83,39.50949253027682
4,84,15.033296378372908
4,85,11.575836902790225
4,86,61.106464469808756
4,87,30.331501776206203
4,88,41.689327171351664
4,89,27.2213151776324
4,90,38.02630668366309
4,91,21.400934559032695
4,92,23.790754506740637
4,93,23.345235059857504
4,94,25.826343140289914
4,95,44.598206241955516
4,96,58.39520528262573
4,97,50.22947341949744
4,98,50.96076922496363
4,99,30.528675044947494
4,100,29.9833287011299
5,1,46.861498055439924
5,2,34.0147027033899
5,3,39.319206502675
5,4,41.2189276910499
5,6,20.663978319771825
5,7,80.2122185206219
5,8,47.042533945356304
5,9,9.695359714832659
5,10,73.23933369440222
5,11,25.787593916455254
5,12,13.2664991614216
5,13,44.77722635447622
5,14,49.9799959983992
5,15,60.34898507845845
5,16,28.442925306655784
5,17,60.73713855624086
5,18,75.9670981412348
5,19,13.0
5,20,35.22782990761707
5,21,56.806689746895124
5,22,73.86474125047755
5,23,52.54521862167861
5,24,74.19568720619817
5,25,27.0
5,26,78.41555968046137
5,27,77.78174593052023
5,28,23.727621035409346
5,29,63.56886030125127
5,30,38.91015291668744
5,31,27.202941017470888
5,32,8.774964387392123
5,33,67.98529252713413
5,34,31.0322412983658
5,35,49.80963762164909
5,36,61.73329733620261
5,37,60.909769331364245
5,38,68.67313885355759
5,39,22.0
5,40,37.49666651850535
5,41,54.8270006474912
5,42,57.15767664977295
5,43,60.08327554319921
5,44,75.29276193632427
5,45,28.178005607210743
5,46,33.95585369269929
5,47,60.481402100149765
5,48,62.185207244167
5,49,47.391982444291145
5,50,35.93048844644336
5,51,31.25699921617557
5,52,70.15696686716153
5,53,63.33245613427605
5,54,41.86884283091664
5,55,70.68238818828917
5,56,61.40846847137616
5,57,31.38470965295043
5,58,48.47679857416329
5,59,25.942243542145693
5,60,57.55866572463264
5,61,18.33030277982336
5,62,66.58077800686922
5,63,53.97221507405454
5,64,49.80963762164909
5,65,16.55294535724685
5,66,47.968739820845826
5,67,29.614185789921695
5,68,82.59539938761722
5,69,45.16635916254486
5,70,33.77869150810907
5,71,69.17369442208505
5,72,40.23679907746142
5,73,56.83308895353129
5,74,63.686733312362634
5,75,16.673332000533065
5,76,52.896124621752776
5,77,63.72597586541927
5,78,32.38826948140329
5,79,76.08547824650904
5,80,33.12099032335839
5,81,30.675723300355934
5,82,32.341923257592455
5,83,61.00819617067857
5,84,54.230987451824994
5,85,39.81205847478876
5,86,42.62628297189423
5,87,57.29746940310715
5,88,29.068883707497267
5,89,56.089214649520635
5,90,30.870698080866262
5,91,49.80963762164909
5,92,30.479501308256342
5,93,49.33558553417604
5,94,49.07137658554119
5,95,76.51143705355429
5,96,67.446274915669
5,97,25.69046515733026
5,98,59.51470406546604
5,99,44.66542286825459
5,100,64.15605972938177
6,1,37.881393849751625
6,2,22.22611077089287
6,3,30.870698080866262
6,4,26.076809620810597
6,5,20.663978319771825
6,7,68.62215385719105
6,8,40.3732584763727
6,9,18.681541692269406
6,10,67.2532527094415
6,11,34.438350715445125
6,12,29.171904291629644
6,13,45.4972526643093
6,14,43.139309220245984
6,15,43.32435804486894
6,16,17.60681686165901
6,17,54.86346689738081
6,18,57.445626465380286
6,19,16.431676725154983
6,20,27.676705006196094
6,21,41.182520563948
6,22,57.29746940310715
6,23,34.84250278036869
6,24,66.37770710110436
6,25,23.021728866442675
6,26,66.01514977639603
6,27,57.697486947006624
6,28,27.49545416973504
6,29,49.01020301937138
6,30,26.019223662515376
6,31,39.736632972611055
6,32,21.307275752662516
6,33,62.93647591023825
6,34,27.49545416973504
6,35,43.749285708454714
6,36,53.14132102234569
6,37,58.83026432033091
6,38,49.82971001320397
6,39,42.2729227756965
6,40,23.93741840717165
6,41,36.6742416417845
6,42,41.036569057366385
6,43,46.78675026115834
6,44,56.621550667568265
6,45,28.089143810376278
6,46,20.346989949375804
6,47,53.898051912847464
6,48,44.98888751680797
6,49,47.634021455258214
6,50,27.784887978899608
6,51,23.706539182259394
6,52,65.18435395092905
6,53,44.22668877499196
6,54,37.33630940518894
6,55,55.52476924760696
6,56,51.96152422706632
6,57,12.569805089976535
6,58,31.827660925679098
6,59,17.60681686165901
6,60,56.83308895353129
6,61,24.06241883103193
6,62,61.91930232165088
6,63,39.370039370059054
6,64,30.099833886584822
6,65,19.4164878389476
6,66,37.70941526992961
6,67,17.378147196982766
6,68,62.68173577685928
6,69,36.4828726939094
6,70,27.53179979587241
6,71,48.76474136094644
6,72,29.0516780926679
6,73,41.82104733265297
6,74,45.81484475582123
6,75,18.466185312619388
6,76,48.176757881783615
6,77,45.8475735453906
6,78,23.790754506740637
6,79,56.3382640840131
6,80,13.92838827718412
6,81,35.12833614050059
6,82,50.76416058598822
6,83,43.829214001622255
6,84,40.27406113120453
6,85,28.460498941515414
6,86,45.0111097397076
6,87,48.744230427815765
6,88,21.77154105707724
6,89,42.34383071948026
6,90,17.029386365926403
6,91,29.698484809834994
6,92,9.899494936611665
6,93,36.069377593742864
6,94,31.160872901765767
6,95,56.64803615307419
6,96,53.68426212587819
6,97,29.58039891549808
6,98,41.82104733265297
6,99,43.22036556994862
6,100,45.552167895721496
7,1,34.14674215792775
7,2,76.16429609731846
7,3,41.97618372363071
7,4,77.07788269017254
7,5,80.2122185206219
7,6,68.62215385719105
7,8,103.56157588603989
7,9,78.10249675906654
7,10,29.086079144497972
7,11,73.8850458482635
7,12,76.11832893594026
7,13,65.39877674696982
7,14,62.81719509815764
7,15,87.18944890294927
7,16,55.21775076911409
7,17,82.39538822045807
7,18,73.02739212103907
7,19,79.96874389409902
7,20,66.7757440991862
7,21,84.97646733066749
7,22,25.337718918639855
7,23,58.69412236331676
7,24,21.047565179849187
7,25,53.48831648126533
7,26,29.274562336608895
7,27,51.57518783291051
7,28,60.440052945046304
7,29,59.16924876994806
7,30,50.75431016179808
7,31,82.28000972289685
7,32,74.59892760623305
7,33,30.56141357987225
7,34,57.175169435691224
7,35,69.76388750635962
7,36,52.20153254455275
7,37,49.658836071740545
7,38,81.32650244538985
7,39,98.31581764904364
7,40,55.44366510251645
7,41,79.64923100695951
7,42,72.3671196055225
7,43,46.75467891024384
7,44,38.40572873934304
7,45,58.73670062235365
7,46,63.8200595424354
7,47,74.36396977031282
7,48,83.16850365372699
7,49,111.76761606118295
7,50,90.60353193998566
7,51,75.18643494673756
7,52,40.620192023179804
7,53,71.84010022264724
7,54,42.95346318982906
7,55,73.60706487831179
7,56,47.885279575251516
7,57,58.69412236331676
7,58,84.4630096551147
7,59,84.00595217006948
7,60,60.241181927316134
7,61,73.55270219373317
7,62,31.064449134018133
7,63,90.08329478876757
7,64,49.66890375275057
7,65,72.53964433328854
7,66,97.18538984847466
7,67,66.03786792439622
7,68,55.154328932550705
7,69,81.57205403813245
7,70,67.60917097554147
7,71,70.34912934784623
7,72,90.22749026765624
7,73,32.802438933713454
7,74,35.86084215408221
7,75,78.85429601486528
7,76,60.597029630172464
7,77,34.91418050019218
7,78,48.176757881783615
7,79,82.33468284993876
7,80,63.773035054010094
7,81,61.35959582656978
7,82,89.66604708583958
7,83,87.10912696153027
7,84,88.48163651289458
7,85,75.8485332752058
7,86,52.009614495783374
7,87,82.22530024268686
7,88,79.06326580656784
7,89,96.94328238717729
7,90,65.76473218982953
7,91,69.59166616772443
7,92,63.97655820689325
7,93,93.56281312572854
7,94,52.1344415909483
7,95,58.770741019660456
7,96,19.672315572906
7,97,59.14389233048498
7,98,50.3189825016365
7,99,103.13583276436954
7,100,84.3682404699778
8,1,76.94803441284255
8,2,44.98888751680797
8,3,68.1248853210044
8,4,28.460498941515414
8,5,47.042533945356304
8,6,40.3732584763727
8,7,103.56157588603989
8,9,43.18564576337837
8,10,101.82828683622247
8,11,60.01666435249463
8,12,59.9749947894954
8,13,69.7853852894716
8,14,62.056425936400814
8,15,31.38470965295043
8,16,57.56735185849702
8,17,58.9406481131655
8,18,59.2452529743945
8,19,43.104524124504614
8,20,60.71243694664216
8,21,47.05316142407437
8,22,87.29833904490967
8,23,60.69596362197407
8,24,101.36074190730847
8,25,62.177166226839255
8,26,101.39033484509261
8,27,76.08547824650904
8,28,65.83312236253116
8,29,62.67375846396959
8,30,63.41135544995076
8,31,70.26378868236469
8,32,50.91168824543142
8,33,98.43271813782245
8,34,59.447455790807396
8,35,74.81978348003956
8,36,75.7495874576225
8,37,89.2468486838611
8,38,53.563046963368315
8,39,57.38466694161429
8,40,59.89156868875618
8,41,41.48493702538308
8,42,43.977266854592045
8,43,80.25584090893322
8,44,81.74350127074322
8,45,67.4166151627327
8,46,53.25410782277739
8,47,63.8200595424354
8,48,36.796738985948195
8,49,18.24828759089466
8,50,31.591137997862628
8,51,50.99019513592785
8,52,96.42095207992918
8,53,46.79743582719036
8,54,73.87827826905551
8,55,58.111960903070546
8,56,76.22335600063802
8,57,48.373546489791295
8,58,26.28687885618983
8,59,23.40939982143925
8,60,82.7768083462995
8,61,49.52776998815917
8,62,97.85703858180054
8,63,38.07886552931954
8,64,56.19608527290847
8,65,53.48831648126533
8,66,8.94427190999916
8,67,51.146847410177685
8,68,77.06490770772389
8,69,56.542019772908716
8,70,47.81213235152768
8,71,54.35071296680477
8,72,27.748873851023216
8,73,72.22880311897741
8,74,74.89325737341113
8,75,37.8021163428716
8,76,83.98214095865859
8,77,74.65922581972036
8,78,63.702433234531945
8,79,56.515484603779164
8,80,39.97499218261337
8,81,73.60706487831179
8,82,77.25930364687478
8,83,42.20189569201838
8,84,25.573423705088842
8,85,34.52535300326414
8,86,81.17881497040962
8,87,48.96937818678118
8,88,45.232731511594565
8,89,19.924858845171276
8,90,49.9799959983992
8,91,39.87480407475377
8,92,41.8568990729127
8,93,16.822603841260722
8,94,53.749418601506754
8,95,68.47627326307996
8,96,85.70880934886448
8,97,66.85057965343307
8,98,69.5197813575388
8,99,22.135943621178654
8,100,39.20459156782532
9,1,46.32493928760188
9,2,37.16180835212409
9,3,36.359317925395686
9,4,34.36568055487916
9,5,9.695359714832659
9,6,18.681541692269406
9,7,78.10249675906654
9,8,43.18564576337837
9,10,69.75672010638115
9,11,20.46948949045872
9,12,18.275666882497067
9,13,37.64306044943742
9,14,41.30375285612676
9,15,55.154328932550705
9,16,29.478805945967352
9,17,51.07837115648854
9,18,69.0869017976635
9,19,18.841443681416774
9,20,40.23679907746142
9,21,57.8013840664737
9,22,71.42828571371429
9,23,53.150729063673246
9,24,71.01408311032397
9,25,26.095976701399778
9,26,79.22752047110903
9,27,74.56540752922899
9,28,26.324893162176366
9,29,55.50675634551167
9,30,40.44749683231337
9,31,36.193922141707716
9,32,8.06225774829855
9,33,64.91532946846992
9,34,25.079872407968907
9,35,55.74047003748713
9,36,54.08326913195984
9,37,55.731499172371095
9,38,67.48333127521195
9,39,26.19160170741759
9,40,39.42080668885405
9,41,53.70288632839021
9,42,49.36598018878993
9,43,62.177166226839255
9,44,72.62919523166975
9,45,32.4037034920393
9,46,36.51027252705737
9,47,51.088159097779204
9,48,55.83009940883144
9,49,42.80186911806539
9,50,38.06573262134856
9,51,36.235341863986875
9,52,65.19202405202648
9,53,57.28001396647874
9,54,38.79432948254165
9,55,62.27358990776106
9,56,54.15717865620402
9,57,30.083217912982647
9,58,45.32107677449864
9,59,21.840329667841555
9,60,51.07837115648854
9,61,10.488088481701515
9,62,63.75735251718032
9,63,54.35991169970753
9,64,46.33573135281238
9,65,23.280893453645632
9,66,43.18564576337837
9,67,32.57299494980466
9,68,77.7303029712351
9,69,50.1398045468867
9,70,24.71841418861655
9,71,64.87680633323437
9,72,40.755367744629666
9,73,52.306787322488084
9,74,61.53048025166064
9,75,7.615773105863909
9,76,58.412327466040935
9,77,61.14736298484179
9,78,31.953090617340916
9,79,73.34166619323561
9,80,28.053520278211074
9,81,35.566838487557476
9,82,37.14835124201342
9,83,60.06662967072483
9,84,47.4236228055175
9,85,31.192947920964443
9,86,41.048751503547585
9,87,47.75981574503821
9,88,33.63034344160047
9,89,52.51666402200353
9,90,33.24154027718932
9,91,46.07602413403309
9,92,28.160255680657446
9,93,45.9782557302906
9,94,43.104524124504614
9,95,71.09149034870488
9,96,63.773035054010094
9,97,26.038433132583073
9,98,59.59865770300536
9,99,37.907782842049734
9,100,60.149812967290266
10,1,36.66060555964672
10,2,81.73738434767778
10,3,36.578682316343766
10,4,75.59761901012492
10,5,73.23933369440222
10,6,67.2532527094415
10,7,29.086079144497972
10,8,101.82828683622247
10,9,69.75672010638115
10,11,58.38664230798
10,12,66.60330322138685
10,13,45.617978911828175
10,14,48.76474136094644
10,15,91.48770409186143
10,16,56.542019772908716
10,17,68.6804193347711
10,18,78.40280607223188
10,19,77.72387020729218
10,20,72.94518489934754
10,21,95.97395480024775
10,22,47.20169488482379
10,23,72.14568594171102
10,24,8.06225774829855
10,25,47.80167361086848
10,26,53.749418601506754
10,27,69.8426803609369
10,28,53.76802023508026
10,29,55.39855593785816
10,30,57.879184513951124
10,31,78.02563681252464
10,32,65.55150646628954
10,33,6.164414002968976
10,34,45.552167895721496
10,35,79.95623803056269
10,36,37.3496987939662
10,37,24.124676163629637
10,38,94.95261976375376
10,39,86.94826047713663
10,40,62.65780079128216
10,41,89.36442245099556
10,42,71.51922818375489
10,43,63.89053137985315
10,44,58.83026432033091
10,45,57.148928248918196
10,46,70.00714249274856
10,47,59.94997914928745
10,48,86.22644605919926
10,49,105.34704552098269
10,50,93.8669270829721
10,51,79.93122043357026
10,52,14.212670403551895
10,53,77.32399368889322
10,54,31.448370387032774
10,55,71.49825172687791
10,56,34.45286635390443
10,57,61.74949392505172
10,58,89.07300376657341
10,59,81.2219182240853
10,60,36.40054944640259
10,61,62.12889826803627
10,62,8.306623862918075
10,63,98.63569333664158
10,64,57.905094767213704
10,65,70.95068710026705
10,66,96.46242791885346
10,67,70.43436661176133
10,68,69.7853852894716
10,69,90.35485598461214
10,70,57.175169435691224
10,71,81.4186710773395
10,72,94.20721840708386
10,73,36.90528417449187
10,74,52.952809179494906
10,75,70.75309180523492
10,76,70.44146506142529
10,77,51.19570294468082
10,78,46.95742752749558
10,79,95.90099061010788
10,80,63.75735251718032
10,81,57.14017850864661
10,82,75.96051605933177
10,83,97.43715923609432
10,84,87.86922100485471
10,85,70.178344238091
10,86,35.17101079013795
10,87,72.40856302952021
10,88,82.68615361715648
10,89,100.40916292848975
10,90,70.63285354564121
10,91,76.26925986267338
10,92,66.12866246946176
10,93,96.13532129243653
10,94,54.0
10,95,70.01428425685718
10,96,30.14962686336267
10,97,49.39635614091387
10,98,67.00746227100382
10,99,95.34673565466203
10,100,92.26050075736637
11,1,45.617978911828175
11,2,54.8270006474912
11,3,33.66006535941367
11,4,46.238512086787566
11,5,25.787593916455254
11,6,34.438350715445125
11,7,73.8850458482635
11,8,60.01666435249463
11,9,20.46948949045872
11,10,58.38664230798
11,12,21.93171219946131
11,13,21.307275752662516
11,14,33.421549934136806
11,15,68.76772498781678
11,16,38.23610858861032
11,17,45.8475735453906
11,18,75.2994023880668
11,19,37.36308338453881
11,20,53.47896782848375
11,21,75.59100475585703
11,22,73.43704787094863
11,23,65.6505902486794
11,24,61.741396161732524
11,25,27.09243436828813
11,26,81.42481194328913
11,27,81.84741901856161
11,28,27.386127875258307
11,29,54.644304369257
11,30,49.26459174701441
11,31,43.78355855797927
11,32,17.72004514666935
11,33,53.563046963368315
11,34,18.708286933869708
11,35,67.70524351924303
11,36,44.654227123532216
11,37,40.162171256046406
11,38,82.95179322956196
11,39,32.07802986469088
11,40,50.28916384272063
11,41,70.22107945624305
11,42,55.5517776493246
11,43,70.14983962918234
11,44,77.61443164772902
11,45,37.53664875824692
11,46,50.53711507397311
11,47,43.87482193696061
11,48,66.82813778641449
11,49,56.382621436041795
11,50,58.18934610390462
11,51,52.85830114561004
11,52,51.66236541235796
11,53,66.58828725834597
11,54,31.080540535840107
11,55,64.41273166075166
11,56,45.4972526643093
11,57,42.02380277890139
11,58,61.94352266379432
11,59,40.124805295477756
11,60,34.26368339802363
11,61,11.357816691600547
11,62,52.478567053607705
11,63,73.02054505411473
11,64,54.3323108288245
11,65,37.107950630558946
11,66,59.14389233048498
11,67,47.22287581247038
11,68,83.07225770376053
11,69,67.26812023536856
11,70,23.83275057562597
11,71,75.82875444051551
11,72,60.44832503882965
11,73,51.64300533470143
11,74,66.67083320313314
11,75,22.9128784747792
11,76,66.17401302626281
11,77,65.66582063752801
11,78,35.07135583350036
11,79,87.2238499494261
11,80,39.496835316262995
11,81,37.33630940518894
11,82,32.66496594212215
11,83,77.272245987806
11,84,59.177698502053964
11,85,38.54867053479276
11,86,28.460498941515414
11,87,47.47630988187688
11,88,51.73006862551025
11,89,69.34695379034324
11,90,48.062459362791664
11,91,59.39696961966999
11,92,41.97618372363071
11,93,63.28506932918696
11,94,47.80167361086848
11,95,77.02596964660685
11,96,61.09009739720506
11,97,22.20360331117452
11,98,69.53416426476987
11,99,48.641546028061235
11,100,74.41102068914255
12,1,42.941821107167776
12,2,42.485291572496
12,3,36.359317925395686
12,4,51.01960407529639
12,5,13.2664991614216
12,6,29.171904291629644
12,7,76.11832893594026
12,8,59.9749947894954
12,9,18.275666882497067
12,10,66.60330322138685
12,11,21.93171219946131
12,13,41.340053217188775
12,14,50.93132631298737
12,15,71.17583859709698
12,16,29.68164415931166
12,17,64.50581369148055
12,18,83.15647900193947
12,19,23.345235059857504
12,20,38.17066936798463
12,21,66.47555941848101
12,22,73.97296803562772
12,23,57.697486947006624
12,24,68.30080526611674
12,25,23.68543856465402
12,26,75.76938695805846
12,27,82.28000972289685
12,28,16.34013463836819
12,29,67.29784543356496
12,30,40.124805295477756
12,31,22.0
12,32,10.816653826391969
12,33,60.909769331364245
12,34,29.30870177950569
12,35,50.84289527554464
12,36,60.753600716336145
12,37,54.53439281774392
12,38,77.84600182411425
12,39,22.715633383201094
12,40,40.17461885320133
12,41,64.73020933072904
12,42,64.70703207534712
12,43,60.481402100149765
12,44,77.64663547121665
12,45,23.53720459187964
12,46,39.102429592034305
12,47,62.81719509815764
12,48,72.02083032012335
12,49,59.2452529743945
12,50,47.69696007084728
12,51,37.8549864614954
12,52,64.20280367709809
12,53,71.57513534740957
12,54,36.45545226711637
12,55,76.75936424958195
12,56,60.29096117993144
12,57,36.89173349139343
12,58,59.84981202978001
12,59,38.27531841800928
12,60,52.54521862167861
12,61,20.396078054371138
12,62,59.270566050949775
12,63,64.93843238021688
12,64,54.48853090330111
12,65,20.049937655763422
12,66,60.440052945046304
12,67,35.17101079013795
12,68,87.3040663428686
12,69,51.92301994298868
12,70,37.48332962798263
12,71,77.20751258783046
12,72,52.25897052181568
12,73,56.97367813297646
12,74,65.54387843269576
12,75,25.729360660537214
12,76,50.41825066382212
12,77,65.52098900352466
12,78,30.479501308256342
12,79,85.25843066817498
12,80,40.607881008493905
12,81,22.38302928559939
12,82,21.6794833886788
12,83,71.5122367151245
12,84,64.90762667052309
12,85,47.92702786528704
12,86,33.24154027718932
12,87,63.20601237224193
12,88,37.589892258425
12,89,68.42514157822401
12,90,36.89173349139343
12,91,58.728187440104094
12,92,38.06573262134856
12,93,61.72519744804386
12,94,53.59104402789705
12,95,82.06095295571457
12,96,65.70388116390082
12,97,17.549928774784245
12,98,63.03967004989794
12,99,55.452682532047085
12,100,74.5385806143369
13,1,45.967379738244816
13,2,67.1863081289633
13,3,32.66496594212215
13,4,49.49747468305833
13,5,44.77722635447622
13,6,45.4972526643093
13,7,65.39877674696982
13,8,69.7853852894716
13,9,37.64306044943742
13,10,45.617978911828175
13,11,21.307275752662516
13,12,41.340053217188775
13,14,19.0
13,15,71.07038764492565
13,16,47.031904065219386
13,17,34.52535300326414
13,18,68.62943974709395
13,19,54.16641025580336
13,20,65.62011886609167
13,21,84.55767262643882
13,22,67.80117993073571
13,23,71.09149034870488
13,24,50.0999001995014
13,25,34.75629439396553
13,26,80.2122185206219
13,27,78.03204469959762
13,28,39.87480407475377
13,29,43.01162633521314
13,30,56.1159513863928
13,31,62.07253821135398
13,32,36.30426972134269
13,33,42.36744032862972
13,34,19.748417658131498
13,35,79.41032678436729
13,36,26.570660511172846
13,37,23.727621035409346
13,38,87.52713864853574
13,39,53.150729063673246
13,40,58.35237784358063
13,41,76.76587783644501
13,42,51.12729212465687
13,43,74.53187237685633
13,44,73.17103251970687
13,45,49.26459174701441
13,46,60.74537019394976
13,47,29.30870177950569
13,48,66.2872536767062
13,49,67.08949247087803
13,50,71.9027120489902
13,51,66.52818951391959
13,52,35.25620512760839
13,53,64.01562309311689
13,54,27.85677655436824
13,55,54.817880294662984
13,56,28.460498941515414
13,57,49.13247398615299
13,58,68.53466276272175
13,59,51.710733895391584
13,60,14.352700094407323
13,61,27.2213151776324
13,62,42.07136793592526
13,63,82.64381404557754
13,64,54.055527006958314
13,65,53.094255809833136
13,66,66.6783323126786
13,67,58.60034129593445
13,68,76.08547824650904
13,69,80.30566605165541
13,70,23.280893453645632
13,71,74.67261881037788
13,72,72.40165743959182
13,73,44.19275958796871
13,74,64.10148204214939
13,75,36.810324638611924
13,76,76.00657866263946
13,77,62.27358990776106
13,78,40.64480286580315
13,79,88.9606654651369
13,80,44.11349000022555
13,81,49.759421218498915
13,82,51.11751167652823
13,83,84.1486779456457
13,84,61.05735008989499
13,85,39.57271787481876
13,86,28.42534080710379
13,87,40.024992192379
13,88,65.95452979136459
13,89,76.12489737267302
13,90,58.855755878248644
13,91,62.49799996799898
13,92,49.49747468305833
13,93,71.11258679024411
13,94,43.87482193696061
13,95,70.5620294492725
13,96,52.09606511052442
13,97,33.12099032335839
13,98,72.39475119095306
13,99,56.515484603779164
13,100,76.94803441284255
14,1,47.265209192385896
14,2,64.27285585688566
14,3,33.734255586866
14,4,37.960505792204614
14,5,49.9799959983992
14,6,43.139309220245984
14,7,62.81719509815764
14,8,62.056425936400814
14,9,41.30375285612676
14,10,48.76474136094644
14,11,33.421549934136806
14,12,50.93132631298737
14,13,19.0
14,15,57.043842787806646
14,16,47.3392015141785
14,17,21.470910553583888
14,18,50.60632371551998
14,19,56.08029957123981
14,20,66.06814663663572
14,21,76.71375365604267
14,22,59.81638571495272
14,23,64.5832795698701
14,24,51.15662224971465
14,25,39.05124837953327
14,26,77.94228634059948
14,27,65.22269543648132
14,28,47.67598976424087
14,29,24.71841418861655
14,30,54.71745608121781
14,31,70.8942874990644
14,32,42.83689998120779
14,33,47.05316142407437
14,34,23.68543856465402
14,35,80.45495634204272
14,36,16.0312195418814
14,37,32.09361307176243
14,38,76.19711280619497
14,39,62.78534860936905
14,40,56.462376853972415
14,41,66.91786009728644
14,42,34.19064199455752
14,43,71.76350047203663
14,44,62.71363488110062
14,45,54.8270006474912
14,46,58.540584213005594
14,47,14.7648230602334
14,48,50.68530358989675
14,49,62.27358990776106
14,50,68.00735254367721
14,51,65.93178292750773
14,52,38.600518131237564
14,53,47.92702786528704
14,54,33.18132004607411
14,55,35.91656999213594
14,56,18.466185312619388
14,57,44.844174649557324
14,58,58.0689245638319
14,59,47.10626285325551
14,60,24.71841418861655
14,61,32.89376840679705
14,62,47.36032094485847
14,63,74.57211275000863
14,64,44.01136216933077
14,65,56.7626637852735
14,66,57.01754116059373
14,67,57.227615711297986
14,68,60.860496218811754
14,69,78.24321056807422
14,70,17.46424919657298
14,71,59.90826320300064
14,72,66.55073252789934
14,73,35.6931365951495
14,74,55.62373594069352
14,75,37.389838191679836
14,76,78.90500617831546
14,77,53.376024580330075
14,78,42.24926034855522
14,79,75.29276193632427
14,80,36.124783736376884
14,81,58.111960903070546
14,82,65.58963332722634
14,83,73.85120175054702
14,84,47.4236228055175
14,85,28.053520278211074
14,86,41.0
14,87,24.758836806279895
14,88,64.8459713474939
14,89,65.0384501660364
14,90,56.68333088307355
14,91,50.84289527554464
14,92,43.94314508543966
14,93,61.18823416311342
14,94,30.95157508108432
14,95,54.53439281774392
14,96,45.79301256742124
14,97,42.30839160261236
14,98,65.49809157525127
14,99,50.566787519082126
14,100,63.198101237299845
15,1,69.06518659932803
15,2,46.70117771534247
15,3,62.25752966509352
15,4,22.64950330581225
15,5,60.34898507845845
15,6,43.32435804486894
15,7,87.18944890294927
15,8,31.38470965295043
15,9,55.154328932550705
15,10,91.48770409186143
15,11,68.76772498781678
15,12,71.17583859709698
15,13,71.07038764492565
15,14,57.043842787806646
15,16,55.52476924760696
15,17,56.24055476255546
15,18,31.12876483254676
15,19,54.59853477887479
15,20,60.93439094632849
15,21,38.742741255621034
15,22,66.82813778641449
15,23,47.46577714522327
15,24,89.15716460273958
15,25,62.056425936400814
15,26,85.95929269136641
15,27,49.658836071740545
15,28,69.74955196988724
15,29,45.39823785126467
15,30,57.148928248918196
15,31,81.67006795638167
15,32,61.39218191268331
15,33,89.57678270623477
15,34,59.33801479658719
15,35,73.46427703312679
15,36,65.612498809297
15,37,84.49852069711044
15,38,33.19638534539566
15,39,77.7303029712351
15,40,54.46099521676041
15,41,27.16615541441225
15,42,25.632011235952593
15,43,68.46897107449476
15,44,58.42088667591412
15,45,69.51258878793107
15,46,50.60632371551998
15,47,58.68560300448484
15,48,9.848857801796104
15,49,46.71188285650665
15,50,41.82104733265297
15,51,54.59853477887479
15,52,87.65842800324451
15,53,18.894443627691185
15,54,69.70652767137379
15,55,38.34057902536163
15,56,65.03076195155643
15,57,43.23193264243457
15,58,16.30950643030009
15,59,35.79106033634656
15,60,80.52949770115296
15,61,58.39520528262573
15,62,89.51536181013849
15,63,33.54101966249684
15,64,38.948684188300895
15,65,61.09009739720506
15,66,22.825424421026653
15,67,50.96076922496363
15,68,48.60041152089147
15,69,57.7408001330082
15,70,48.425200051213004
15,71,25.199206336708304
15,72,34.828149534535996
15,73,56.444663166680336
15,74,55.44366510251645
15,75,49.193495504995376
15,76,81.2773031048644
15,77,54.92722457943783
15,78,60.22457969965419
15,79,29.88310559496787
15,80,33.896902513356586
15,81,77.42738533619743
15,82,91.96738552334735
15,83,28.178005607210743
15,84,15.066519173319364
15,85,32.7566787083184
15,86,81.50460109711598
15,87,44.553338819890925
15,88,51.11751167652823
15,89,16.1245154965971
15,90,48.774993593028796
15,91,20.71231517720798
15,92,37.69615364994153
15,93,18.708286933869708
15,94,37.54996671103717
15,95,40.099875311526844
15,96,68.82586723027906
15,97,70.3846574190711
15,98,53.23532661682466
15,99,43.139309220245984
15,100,11.40175425099138
16,1,22.561028345356956
16,2,26.038433132583073
16,3,21.236760581595302
16,4,40.22437072223753
16,5,28.442925306655784
16,6,17.60681686165901
16,7,55.21775076911409
16,8,57.56735185849702
16,9,29.478805945967352
16,10,56.542019772908716
16,11,38.23610858861032
16,12,29.68164415931166
16,13,47.031904065219386
16,14,47.3392015141785
16,15,55.52476924760696
16,17,64.03124237432849
16,18,63.608175575157006
16,19,24.939927826679853
16,20,19.44222209522358
16,21,46.10856753359401
16,22,46.9148164229596
16,23,29.563490998188964
16,24,54.75399528801528
16,25,14.0
16,26,50.49752469181039
16,27,54.08326913195984
16,28,18.708286933869708
16,29,52.896124621752776
16,30,11.357816691600547
16,31,35.34119409414458
16,32,26.870057685088806
16,33,51.87484939737175
16,34,27.386127875258307
16,35,33.25657829663178
16,36,52.78257288158659
16,37,53.39475629684998
16,38,53.898051912847464
16,39,49.44694126030446
16,40,12.206555615733702
16,41,43.46262762420146
16,42,50.57667446560717
16,43,33.03028912982749
16,44,49.17316341257699
16,45,14.798648586948742
16,46,15.427248620541512
16,47,60.687725282795036
16,48,56.37375275782161
16,49,65.12296062065974
16,50,39.21734310225516
16,51,23.62202362203543
16,52,57.85326265648291
16,53,51.86520991955976
16,54,28.35489375751565
16,55,63.0
16,56,50.457903246171455
16,57,12.409673645990857
16,58,44.46346815083142
16,59,35.185224171518364
16,60,55.226805085936306
16,61,31.63858403911275
16,62,50.57667446560717
16,63,47.89572005931219
16,64,28.178005607210743
16,65,18.411952639521967
16,66,54.35071296680477
16,67,14.352700094407323
16,68,61.424750711744856
16,69,35.73513677041127
16,70,35.86084215408221
16,71,53.25410782277739
16,72,41.400483088968905
16,73,35.05709628591621
16,74,37.0
16,75,32.17141588429082
16,76,33.421549934136806
16,77,37.49666651850535
16,78,9.797958971132712
16,79,61.204574992397426
16,80,23.874672772626646
16,81,23.15167380558045
16,82,49.80963762164909
16,83,51.35172830587107
16,84,54.735728733616035
16,85,41.689327171351664
16,86,36.38681079732051
16,87,59.682493245507096
16,88,26.19160170741759
16,89,56.73623181001713
16,90,15.0996688705415
16,91,37.33630940518894
16,92,18.05547008526779
16,93,51.0
16,94,33.24154027718932
16,95,57.7148161220323
16,96,43.749285708454714
16,97,22.561028345356956
16,98,33.54101966249684
16,99,60.28266749240614
16,100,55.10898293381942
17,1,67.7421582177598
17,2,75.35250493513803
17,3,54.13871073455665
17,4,40.47221268969612
17,5,60.73713855624086
17,6,54.86346689738081
17,7,82.39538822045807
17,8,58.9406481131655
17,9,51.07837115648854
17,10,68.6804193347711
17,11,45.8475735453906
17,12,64.50581369148055
17,13,34.52535300326414
17,14,21.470910553583888
17,15,56.24055476255546
17,16,64.03124237432849
17,18,50.85272854036448
17,19,66.79820356865893
17,20,81.10487038396646
17,21,84.53401682163222
17,22,76.68767828015137
17,23,78.19207120929845
17,24,71.26008700527947
17,25,57.41080037762929
17,26,97.3139250056229
17,27,76.32168761236873
17,28,65.19202405202648
17,29,30.95157508108432
17,30,71.75653280364095
17,31,85.37564055396598
17,32,55.154328932550705
17,33,67.60917097554147
17,34,42.07136793592526
17,35,96.46761114488116
17,36,32.341923257592455
17,37,50.70502933634887
17,38,82.85529554590944
17,39,70.178344238091
17,40,72.44998274671983
17,41,73.68174807915459
17,42,34.322004603461025
17,43,89.28045698807774
17,44,77.05841939723393
17,45,72.51896303726357
17,46,72.64984514780468
17,47,9.1104335791443
17,48,48.96937818678118
17,49,56.04462507680822
17,50,74.55199527846321
17,51,78.4729252672538
17,52,57.15767664977295
17,53,50.49752469181039
17,54,54.258639865002145
17,55,32.38826948140329
17,56,35.86084215408221
17,57,58.9406481131655
17,58,61.29437168288782
17,59,51.749396131742444
17,60,40.620192023179804
17,61,44.28317965096906
17,62,68.10286337592568
17,63,80.33679107357973
17,64,57.56735185849702
17,65,70.5620294492725
17,66,54.35071296680477
17,67,71.03520254071216
17,68,69.2314957226839
17,69,90.09439494219383
17,70,29.086079144497972
17,71,65.23802572120036
17,72,71.93052203341777
17,73,53.749418601506754
17,74,71.61703707917552
17,75,45.110974274559844
17,76,97.04122835166504
17,77,69.32532004974806
17,78,60.959002616512684
17,79,79.91245209602819
17,80,47.01063709417264
17,81,76.13146524269712
17,82,78.10889834071403
17,83,79.1012010022604
17,84,43.54308211415448
17,85,29.966648127543394
17,86,60.860496218811754
17,87,11.916375287812984
17,88,75.93418202627852
17,89,64.02343321003646
17,90,70.19971509913698
17,91,57.91372894228103
17,92,55.910642993977454
17,93,61.48983655857283
17,94,43.64630568559039
17,95,61.40846847137616
17,96,64.45153217728807
17,97,60.241181927316134
17,98,80.40522371090077
17,99,43.520110293977886
17,100,65.09224224129939
18,1,67.07458535093602
18,2,65.83312236253116
18,3,60.70420084310476
18,4,37.68288736283355
18,5,75.9670981412348
18,6,57.445626465380286
18,7,73.02739212103907
18,8,59.2452529743945
18,9,69.0869017976635
18,10,78.40280607223188
18,11,75.2994023880668
18,12,83.15647900193947
18,13,68.62943974709395
18,14,50.60632371551998
18,15,31.12876483254676
18,16,63.608175575157006
18,17,50.85272854036448
18,19,72.9520390393579
18,20,74.47147104764348
18,21,59.89991652748775
18,22,53.99073994677235
18,23,55.62373594069352
18,24,75.48509786706248
18,25,66.88796603276258
